from,to,distance
51,51,0
51,67,18.9181131
51,57,123.8139956
51,7,128.3721095
51,24,129.7766759
51,77,25.25608528
51,42,142.0932745
51,20,135.1165844
51,38,136.5199688
51,33,25.83352562
51,5,137.6060557
51,52,30.78051573
51,59,65.89840423
51,78,126.1225198
51,23,131.3536763
51,48,125.3396063
51,34,184.1197427
51,55,130.0728839
51,40,
51,22,258.57807
51,56,248.1407658
51,21,259.8685168
51,11,253.4925887
51,31,68.14180632
51,14,251.0478067
51,18,240.3372814
51,61,248.1270284
51,60,259.9476351
51,53,244.5157952
51,68,280.669611
51,58,238.4035786
51,8,337.1042225
51,9,302.5918201
51,41,238.21577
51,76,355.638356
51,74,133.4259427
51,45,182.9392141
51,19,14.0137223
51,27,97.37615443
51,65,16.95226228
51,69,43.86196101
51,72,33.81339723
51,63,7.493735134
51,64,30.53712009
51,79,37.77933709
51,1,194.6599788
51,37,199.31141
51,70,31.76081061
51,36,43.07927924
51,15,184.6628645
51,25,152.0064225
51,43,247.1350131
51,62,231.9124441
51,35,267.7357819
51,30,245.0671508
51,66,257.806364
51,13,248.700497
51,29,248.7630872
51,39,233.0320915
51,71,271.1922106
51,44,268.1203384
51,75,276.0905864
51,3,293.4805887
51,16,274.575455
51,17,300.3827256
51,6,292.2177329
51,49,279.6605931
51,12,293.4805887
51,10,295.6375352
51,4,302.8656499
51,32,272.5414138
51,46,317.0547592
51,54,285.3851427
51,2,402.334642
51,26,401.921286
51,47,260.1462264
51,50,305.9337428
51,73,267.375038
51,28,272.4166238
67,51,18.9181131
67,67,0
67,57,133.6135215
67,7,139.1973632
67,24,134.2482427
67,77,43.6529866
67,42,145.3926906
67,20,141.1075564
67,38,142.4281036
67,33,44.6025389
67,5,141.59873
67,52,49.03511903
67,59,84.08142129
67,78,136.3837693
67,23,141.5664133
67,48,135.4498719
67,34,192.0731732
67,55,141.1716893
67,40,
67,22,270.0745031
67,56,257.5851746
67,21,263.8027743
67,11,259.4064627
67,31,87.05977674
67,14,257.7349914
67,18,252.9563711
67,61,259.7870227
67,60,270.2799792
67,53,256.8148091
67,68,290.9643997
67,58,249.6959664
67,8,347.4841415
67,9,313.1495985
67,41,248.5835626
67,76,366.0227498
67,74,144.3069579
67,45,191.9059242
67,19,10.01971041
67,27,108.4118551
67,65,10.77419776
67,69,24.94434358
67,72,15.13636159
67,63,25.56451475
67,64,11.70476867
67,79,54.26536298
67,1,199.1852478
67,37,203.8232559
67,70,13.21202571
67,36,60.4272023
67,15,195.0217159
67,25,161.2273361
67,43,254.1402903
67,62,241.9238423
67,35,282.5315703
67,30,258.6993699
67,66,270.8117333
67,13,263.089449
67,29,262.0297584
67,39,240.7222375
67,71,285.0674304
67,44,283.0087199
67,75,290.2892939
67,3,307.9439299
67,16,288.5842692
67,17,315.0213485
67,6,306.2724265
67,49,294.3144828
67,12,307.9439299
67,10,309.3900651
67,4,316.6320616
67,32,286.5620686
67,46,329.7860004
67,54,295.8357962
67,2,411.3369265
67,26,410.6386226
67,47,274.5543251
67,50,320.8732634
67,73,280.7940873
67,28,287.0787061
57,51,123.8139956
57,67,133.6135215
57,57,0
57,7,9.886997788
57,24,39.83985917
57,77,107.3319257
57,42,52.14222317
57,20,31.0264902
57,38,32.18218247
57,33,118.384761
57,5,45.59086
57,52,103.5286663
57,59,89.42950416
57,78,4.522384982
57,23,8.476118153
57,48,3.01492327
57,34,61.90398329
57,55,12.89523904
57,40,
57,22,137.2027163
57,56,124.3381989
57,21,146.6522475
57,11,134.3092214
57,31,110.6418101
57,14,130.0962628
57,18,122.5724867
57,61,127.2058362
57,60,136.6666248
57,53,125.5229735
57,68,157.3522453
57,58,116.6718464
57,8,213.8713227
57,9,179.5504146
57,41,114.9751199
57,76,232.4104701
57,74,13.66218926
57,45,59.31568488
57,19,135.9773781
57,27,27.40175919
57,65,139.0012585
57,69,149.4166858
57,72,145.2908449
57,63,117.3919241
57,64,139.1267707
57,79,134.5429544
57,1,83.50856734
57,37,87.72811746
57,70,138.0688257
57,36,131.5090929
57,15,61.4518212
57,25,28.39693124
57,43,125.6026994
57,62,108.3442092
57,35,160.7568226
57,30,131.8144818
57,66,141.2768839
57,13,139.7638495
57,29,133.5849393
57,39,110.4921487
57,71,158.4950764
57,44,161.7759817
57,75,165.0557282
57,3,183.5467575
57,16,162.5134138
57,17,191.3476452
57,6,179.9940555
57,49,171.309597
57,12,183.5467575
57,10,181.8046352
57,4,188.9773368
57,32,160.5970938
57,46,198.7919301
57,54,162.2265117
57,2,278.5228723
57,26,278.1515701
57,47,150.8823646
57,50,198.7028398
57,73,152.4909639
57,28,164.3602439
7,51,128.3721095
7,67,139.1973632
7,57,9.886997787
7,7,0
7,24,48.97880862
7,77,110.45364
7,42,60.50844219
7,20,39.09786925
7,38,40.07884219
7,33,121.0696273
7,5,54.13417914
7,52,106.3059309
7,59,89.01970828
7,78,5.388660267
7,23,5.903120415
7,48,6.884606054
7,34,61.05968046
7,55,3.014923984
7,40,
7,22,130.9102334
7,56,120.2461109
7,21,148.1590716
7,11,134.0375075
7,31,109.7467753
7,14,129.0554444
7,18,115.0703951
7,61,120.6988917
7,60,131.5762441
7,53,118.3589972
7,68,152.2982906
7,58,110.5015082
7,8,208.7379917
7,9,174.2496241
7,41,109.8447664
7,76,227.2744233
7,74,5.113498188
7,45,56.72491399
7,19,140.9652086
7,27,30.99915817
7,65,144.0150892
7,69,156.0173321
7,72,151.3959903
7,63,121.6887689
7,64,145.2908775
7,79,136.4911103
7,1,86.69743361
7,37,90.68145452
7,70,144.3536379
7,36,132.9611452
7,15,56.32528064
7,25,27.06208094
7,43,124.2801369
7,62,103.6417095
7,35,151.8224772
7,30,123.4913771
7,66,133.5768478
7,13,130.9331648
7,29,125.5899043
7,39,108.6162035
7,71,150.2057914
7,44,152.7888538
7,75,156.5697287
7,3,174.9911796
7,16,154.1510075
7,17,182.7163358
7,6,171.7116902
7,49,162.5449098
7,12,174.9911796
7,10,173.7607428
7,4,180.9620869
7,32,152.2118645
7,46,191.6387617
7,54,157.020331
7,2,274.4863007
7,26,274.3431534
7,47,142.1360099
7,50,189.9120346
7,73,144.522596
7,28,155.5415925
24,51,129.7766759
24,67,134.2482427
24,57,39.83985917
24,7,48.97880862
24,24,0
24,77,120.2408866
24,42,14.63805165
24,20,12.83318661
24,38,13.06559973
24,33,132.2456734
24,5,8.384668321
24,52,117.9905149
24,59,114.9206597
24,78,43.83738359
24,23,44.51273683
24,48,42.49318433
24,34,64.02320194
24,55,51.73803921
24,40,
24,22,153.1327192
24,56,131.5780814
24,21,130.0960094
24,11,125.4402773
24,31,136.3763846
24,14,124.5694819
24,18,144.4799251
24,61,144.4841976
24,60,147.4400131
24,53,145.7822654
24,68,167.1510118
24,58,133.0005094
24,8,222.5461399
24,9,189.7470888
24,41,127.0523542
24,76,240.76463
24,74,50.81297241
24,45,68.42104643
24,19,139.3332271
24,27,53.20395908
24,65,142.0871889
24,69,143.9950178
24,72,142.7118346
24,63,124.8857349
24,64,136.5305925
24,79,150.2980262
24,1,65.01754167
24,37,69.66643866
24,70,134.8868368
24,36,149.1265271
24,15,78.96545743
24,25,45.93878581
24,43,121.491523
24,62,119.1061774
24,35,189.0295734
24,30,157.3542661
24,66,163.4950437
24,13,167.8061129
24,29,157.4496876
24,39,109.7027526
24,71,183.242024
24,44,190.3486434
24,75,190.7266259
24,3,209.3101318
24,16,187.5676092
24,17,217.4338506
24,6,204.3195169
24,49,198.4350089
24,12,209.3101318
24,10,204.8455265
24,4,211.7518215
24,32,185.8084325
24,46,217.0806598
24,54,172.5196063
24,2,281.3739231
24,26,280.0210649
24,47,178.239287
24,50,225.6291999
24,73,175.7306272
24,28,191.901349
77,51,25.25608528
77,67,43.6529866
77,57,107.3319257
77,7,110.45364
77,24,120.2408866
77,77,0
77,42,133.7761518
77,20,123.3978767
77,38,124.8749588
77,33,12.05970937
77,5,128.4846018
77,52,5.572619896
77,59,40.64308741
77,78,108.9817919
77,23,114.1653404
77,48,108.4136668
77,34,168.9879426
77,55,111.7713408
77,40,
77,22,238.7254904
77,56,230.6809187
77,21,249.1028843
77,11,240.2824696
77,31,44.81876367
77,14,236.8964851
77,18,219.331152
77,61,228.1342411
77,60,241.3997025
77,53,223.8383212
77,68,262.0805741
77,58,218.8628419
77,8,318.2470877
77,9,283.6323629
77,41,219.7315915
77,76,336.7324865
77,74,115.3405779
77,45,166.557417
77,19,39.02655613
77,27,80.01765432
77,65,41.7834012
77,69,68.37278487
77,72,58.76792533
77,63,18.10117969
77,64,54.85165663
77,79,30.53714749
77,1,183.7657647
77,37,188.3760853
77,70,55.67658578
77,36,31.30087529
77,15,166.5629893
77,25,135.7165752
77,43,232.6184151
77,62,213.8781114
77,35,244.4992326
77,30,222.9930618
77,66,236.3375273
77,13,225.8759714
77,29,227.0506167
77,39,217.7741928
77,71,248.8150843
77,44,244.8000547
77,75,253.3929123
77,3,270.5077842
77,16,252.0621247
77,17,277.2411054
77,6,269.6289055
77,49,256.534154
77,12,270.5077842
77,10,273.3331453
77,4,280.5354234
77,32,250.0206247
77,46,295.7287798
77,54,266.602629
77,2,384.876439
77,26,384.7881386
77,47,237.2804063
77,50,282.5191858
77,73,245.4584766
77,28,249.2939562
42,51,142.0932745
42,67,145.3926906
42,57,52.14222317
42,7,60.50844219
42,24,14.63805165
42,77,133.7761518
42,42,0
42,20,21.43620305
42,38,20.58014737
42,33,145.8184017
42,5,6.723160168
42,52,131.7424347
42,59,129.5280491
42,78,55.71328718
42,23,55.42063277
42,48,54.50723973
42,34,61.40502631
42,55,63.03129339
42,40,
42,22,151.9078793
42,56,127.5687025
42,21,118.4140155
42,11,116.1043793
42,31,150.9664646
42,14,116.3261914
42,18,145.7533892
42,61,143.930118
42,60,144.3870681
42,53,146.3717296
42,68,163.4294814
42,58,132.3165145
42,8,217.8509067
42,9,185.8936209
42,41,124.9129797
42,76,235.8284196
42,74,61.49431895
42,45,67.98757509
42,19,151.0220963
42,27,67.72948783
42,65,153.6891237
42,69,153.4646366
42,72,152.9647855
42,63,137.5353705
42,64,146.8585024
42,79,164.0158743
42,1,54.4132173
42,37,58.97332526
42,70,145.0856698
42,36,163.0732158
42,15,80.78224639
42,25,51.48509109
42,43,113.7835755
42,62,116.6933803
42,35,192.4823035
42,30,159.9380599
42,66,164.5992599
42,13,171.3642858
42,29,159.3216813
42,39,103.4405879
42,71,185.1748693
42,44,193.9297208
42,75,192.9885727
42,3,211.455305
42,16,189.5899698
42,17,219.6633075
42,6,205.8741153
42,49,201.2800501
42,12,211.455305
42,10,205.8459424
42,4,212.5823923
42,32,187.9165366
42,46,216.032444
42,54,168.9049026
42,2,274.352888
42,26,272.6875569
42,47,181.3749704
42,50,228.184819
42,73,177.1046905
42,28,194.9916818
20,51,135.1165844
20,67,141.1075564
20,57,31.0264902
20,7,39.09786925
20,24,12.83318661
20,77,123.3978767
20,42,21.43620305
20,20,0
20,38,1.50746013
20,33,135.2333562
20,5,15.27844161
20,52,120.6316394
20,59,113.7472835
20,78,34.39296594
20,23,33.98711482
20,48,33.24034033
20,34,53.19177436
20,55,41.59765805
20,40,
20,22,141.1346797
20,56,120.805242
20,21,125.7051763
20,11,118.47518
20,31,135.3014599
20,14,116.640942
20,18,131.8724238
20,61,132.2978367
20,60,136.1540758
20,53,133.3061953
20,68,156.115309
20,58,120.8768321
20,8,211.8836526
20,9,178.7231017
20,41,115.4531949
20,76,230.2027918
20,74,40.08848669
20,45,56.55336531
20,19,145.4952843
20,27,50.19205759
20,65,148.3463986
20,69,152.479247
20,72,150.4786013
20,63,129.7311893
20,64,144.2546544
20,79,152.8313658
20,1,60.38290694
20,37,64.98382935
20,70,142.7469276
20,36,151.0379269
20,15,66.38821936
20,25,33.11299377
20,43,113.1535326
20,62,107.6500524
20,35,176.1980225
20,30,144.5706167
20,66,150.8996607
20,13,154.9740344
20,29,144.7413528
20,39,100.4059133
20,71,170.5132924
20,44,177.5157073
20,75,177.9604325
20,3,196.5500898
20,16,174.8270069
20,17,204.6639169
20,6,191.6304159
20,49,185.6237323
20,12,196.5500898
20,10,192.2415108
20,4,199.1741557
20,32,173.0591927
20,46,204.9447664
20,54,161.4206002
20,2,272.0282874
20,26,270.8962306
20,47,165.417231
20,50,212.831693
20,73,163.0818682
20,28,179.0794339
38,51,136.5199688
38,67,142.4281036
38,57,32.18218247
38,7,40.07884219
38,24,13.06559973
38,77,124.8749588
38,42,20.58014737
38,20,1.50746013
38,38,0
38,33,136.7155406
38,5,14.63805271
38,52,122.119445
38,59,115.2417041
38,78,35.45433084
38,23,34.87614187
38,48,34.33209087
38,34,52.20455532
38,55,42.52949358
38,40,
38,22,140.4509175
38,56,119.8399287
38,21,124.2295482
38,11,117.1078168
38,31,136.7956206
38,14,115.3400562
38,18,131.4439597
38,61,131.6755768
38,60,135.2898074
38,53,132.8046969
38,68,155.2037158
38,58,120.2314506
38,8,210.9112827
38,9,177.8118001
38,41,114.6565637
38,76,229.2152981
38,74,40.91818488
38,45,55.80842829
38,19,146.8586717
38,27,51.66700829
38,65,149.7047798
38,69,153.6753381
38,72,151.735654
38,63,131.1550818
38,64,145.5139192
38,79,154.3235754
38,1,58.89908082
38,37,63.50299972
38,70,143.995079
38,36,152.5387043
38,15,65.93615621
38,25,33.06138607
38,43,111.8856111
38,62,106.8178443
38,35,176.0336229
38,30,144.2954462
38,66,150.4642676
38,13,154.8148013
38,29,144.3865859
38,39,99.228878
38,71,170.1768799
38,44,177.36636
38,75,177.6629025
38,3,196.2454679
38,16,174.5020156
38,17,204.3706896
38,6,191.2602545
38,49,185.393387
38,12,196.2454679
38,10,191.8123602
38,4,198.7293068
38,32,172.7429853
38,46,204.3097134
38,54,160.5218387
38,2,270.8797257
38,26,269.7233213
38,47,165.2132785
38,50,212.5762127
38,73,162.6815342
38,28,178.8747371
33,51,25.83352562
33,67,44.6025389
33,57,118.384761
33,7,121.0696273
33,24,132.2456734
33,77,12.05970937
33,42,145.8184017
33,20,135.2333562
33,38,136.7155406
33,33,0
33,5,140.5018142
33,52,14.86322479
33,59,44.64767659
33,78,119.8464509
33,23,124.9926562
33,48,119.3421698
33,34,180.1902725
33,55,122.2493424
33,40,
33,22,248.2124047
33,56,241.1458074
33,21,260.9251802
33,11,251.7774955
33,31,42.84236668
33,14,248.2204961
33,18,228.2278756
33,61,237.5679859
33,60,251.4554711
33,53,232.9172892
33,68,272.0952708
33,58,228.5279651
33,8,328.0996238
33,9,293.4720561
33,41,229.8427806
33,76,346.5507186
33,74,125.876809
33,45,177.4548113
33,19,37.59681457
33,27,90.99523071
33,65,39.8258338
33,69,69.4586428
33,72,59.10712719
33,63,20.85779927
33,64,56.29138381
33,79,18.57394451
33,1,195.6144577
33,37,200.2171244
33,70,57.58369069
33,36,20.35017041
33,15,176.9208899
33,25,146.7157852
33,43,243.8712908
33,62,224.1671928
33,35,251.6393749
33,30,231.1731902
33,66,244.9170502
33,13,233.439124
33,29,235.4820708
33,39,228.8769097
33,71,256.7198686
33,44,251.8537646
33,75,261.0242978
33,3,277.8685761
33,16,259.8514811
33,17,284.4317226
33,6,277.3316567
33,49,263.7664065
33,12,277.8685761
33,10,281.2628562
33,4,288.4361821
33,32,257.8067497
33,46,304.3254018
33,54,276.5338994
33,2,395.2184677
33,26,395.239104
33,47,244.787047
33,50,289.423241
33,73,253.7172057
33,28,256.540251
5,51,137.6060557
5,67,141.59873
5,57,45.59086
5,7,54.13417914
5,24,8.384668321
5,77,128.4846018
5,42,6.723160168
5,20,15.27844161
5,38,14.63805271
5,33,140.5018142
5,5,0
5,52,126.2906379
5,59,123.2120972
5,78,49.25247152
5,23,49.17783633
5,48,48.01563561
5,34,60.32043451
5,55,56.71797544
5,40,
5,22,150.4251369
5,56,127.3614682
5,21,122.3780787
5,11,118.6651912
5,31,144.6858123
5,14,118.2792639
5,18,143.1617126
5,61,142.135578
5,60,143.7434554
5,53,144.0759106
5,68,163.1249365
5,58,130.5640679
5,8,218.0555388
5,9,185.6706081
5,41,123.8132564
5,76,236.1595584
5,74,55.32854778
5,45,65.93397085
5,19,146.9159033
5,27,61.11377511
5,65,149.6351586
5,69,150.5964983
5,72,149.6731034
5,63,132.8386668
5,64,143.5217771
5,79,158.5937782
5,1,57.60849969
5,37,62.23823735
5,70,141.8184075
5,36,157.4716806
5,15,77.81486004
5,25,46.87517773
5,43,115.4431814
5,62,115.7067186
5,35,189.0254185
5,30,156.8106026
5,66,162.100823
5,13,167.8488253
5,29,156.491079
5,39,104.3208631
5,71,182.3413971
5,44,190.4218256
5,75,190.0225825
5,3,208.5499076
5,16,186.7220676
5,17,216.7271259
5,6,203.2149944
5,49,198.0773894
5,12,208.5499076
5,10,203.4242178
5,4,210.238102
5,32,185.0113907
5,46,214.5210179
5,54,168.5539644
5,2,275.7485246
5,26,274.2450928
5,47,178.0392217
5,50,225.1168845
5,73,174.5018999
5,28,191.6841779
52,51,30.78051573
52,67,49.03511903
52,57,103.5286663
52,7,106.3059309
52,24,117.9905149
52,77,5.572619896
52,42,131.7424347
52,20,120.6316394
52,38,122.119445
52,33,14.86322479
52,5,126.2906379
52,52,0
52,59,35.12955625
52,78,105.0189386
52,23,110.1738715
52,48,104.5027989
52,34,165.3272558
52,55,107.5316061
52,40,
52,22,234.0020155
52,56,226.4507412
52,21,246.2825755
52,11,236.944414
52,31,40.47170846
52,14,233.360138
52,18,214.3892011
52,61,223.3879755
52,60,236.9381188
52,53,218.9585902
52,68,257.5997289
52,58,214.2125618
52,8,313.6907473
52,9,279.0677303
52,41,215.2968882
52,76,332.1610955
52,74,111.1399909
52,45,162.6270873
52,19,44.58964248
52,27,76.14406737
52,65,47.3539262
52,69,73.65084868
52,72,64.16609315
52,63,23.54137828
52,64,60.12049305
52,79,32.30948783
52,1,181.0114361
52,37,185.6039047
52,70,60.86874917
52,36,31.7608366
52,15,162.2604173
52,25,131.8683043
52,43,229.008129
52,62,209.5410772
52,35,239.1439445
52,30,217.8468217
52,66,231.3003527
52,13,220.5939265
52,29,221.9705292
52,39,214.0203511
52,71,243.6071759
52,44,239.4310039
52,75,248.1275828
52,3,265.192749
52,16,246.8293507
52,17,271.8971808
52,6,264.3797199
52,49,251.1953826
52,12,265.192749
52,10,268.1333611
52,4,275.3297924
52,32,244.7869374
52,46,290.7026459
52,54,262.0806114
52,2,380.5795931
52,26,380.5564627
52,47,231.9889095
52,50,277.1307448
52,73,240.3349906
52,28,243.9568506
59,51,65.89840423
59,67,84.08142129
59,57,89.42950416
59,7,89.01970828
59,24,114.9206597
59,77,40.64308741
59,42,129.5280491
59,20,113.7472835
59,38,115.2417041
59,33,44.64767659
59,5,123.2120972
59,52,35.12955625
59,59,0
59,78,89.45017125
59,23,94.06925641
59,48,89.41787248
59,34,150.0779331
59,55,89.34132993
59,40,
59,22,208.9434392
59,56,205.6688536
59,21,236.0670805
59,11,223.0426188
59,31,21.55467083
59,14,217.9998991
59,18,187.4666965
59,61,198.2022284
59,60,214.1294094
59,53,192.5870191
59,68,234.4807241
59,58,189.9581491
59,8,289.650749
59,9,255.1164576
59,41,192.9074606
59,76,307.9255586
59,74,93.12539991
59,45,145.2566809
59,19,79.61675125
59,27,63.83227438
59,65,82.31023935
59,69,108.4860906
59,72,99.21745745
59,63,58.66266823
59,64,94.96847592
59,79,53.28426657
59,1,172.2690416
59,37,176.6381805
59,70,95.56297559
59,36,47.67884639
59,15,141.7505821
59,25,116.0464811
59,43,213.1303268
59,62,188.0410884
59,35,207.9040495
59,30,188.9091621
59,66,203.3659234
59,13,190.2260471
59,29,193.6696033
59,39,197.2072917
59,71,213.9284902
59,44,208.0338131
59,75,217.8386289
59,3,234.3274115
59,16,216.8837797
59,17,240.7025684
59,6,234.2095325
59,49,220.1071011
59,12,234.3274115
59,10,238.454472
59,4,245.571147
59,32,214.8390465
59,46,262.6262496
59,54,238.5856617
59,2,358.418025
59,26,358.9114378
59,47,201.4756191
59,50,245.4278374
59,73,211.5163473
59,28,212.9067961
78,51,126.1225198
78,67,136.3837693
78,57,4.522384982
78,7,5.388660267
78,24,43.83738359
78,77,108.9817919
78,42,55.71328718
78,20,34.39296594
78,38,35.45433083
78,33,119.8464509
78,5,49.25247152
78,52,105.0189386
78,59,89.45017125
78,78,0
78,23,5.232052472
78,48,1.507461711
78,34,60.98076127
78,55,8.384678303
78,40,
78,22,134.0148186
78,56,122.077527
78,21,146.9192908
78,11,133.7514681
78,31,110.4665902
78,14,129.1873947
78,18,118.8848901
78,61,123.9249272
78,60,133.9846783
78,53,121.9725945
78,68,154.6946227
78,58,113.5250322
78,8,211.1949093
78,9,176.7944324
78,41,112.2635829
78,76,229.7362303
78,74,9.303920809
78,45,57.60866091
78,19,138.4841162
78,27,28.99947295
78,65,141.5209511
78,69,152.6395061
78,72,148.2955441
78,63,119.5792677
78,64,142.1552071
78,79,135.6825516
78,1,84.50929183
78,37,88.62267673
78,70,141.1498773
78,36,132.4216746
78,15,58.671354
78,25,27.01680688
78,43,124.5637917
78,62,105.8095758
78,35,156.52136
78,30,127.8063055
78,66,137.5156848
78,13,135.5645522
78,29,129.7049871
78,39,109.1927589
78,71,154.5046369
78,44,157.5212047
78,75,160.9899706
78,3,179.4561466
78,16,158.4951079
78,17,187.228654
78,6,176.0090609
78,49,167.1383022
78,12,179.4561466
78,10,177.9137673
78,4,185.098703
78,32,156.5696873
78,46,195.2632594
78,54,159.50562
78,2,276.331856
78,26,276.0603314
78,47,146.7158947
78,50,194.5237529
78,73,148.6255261
78,28,160.1680715
23,51,131.3536763
23,67,141.5664133
23,57,8.476118153
23,7,5.903120415
23,24,44.51273683
23,77,114.1653404
23,42,55.42063277
23,20,33.98711482
23,38,34.87614187
23,33,124.9926562
23,5,49.17783633
23,52,110.1738715
23,59,94.06925641
23,78,5.232052472
23,23,0
23,48,6.136195532
23,34,56.12022806
23,55,7.752407426
23,40,
23,22,128.9362492
23,56,116.8471599
23,21,142.6524345
23,11,129.0038956
23,31,114.9579023
23,14,124.2801044
23,18,114.1059199
23,61,118.886176
23,60,128.7741618
23,53,117.0886679
23,68,149.4816887
23,58,108.4287552
23,8,205.9857296
23,9,171.5966924
23,41,107.0560776
23,76,224.5270498
23,74,6.3305925
23,45,52.4709107
23,19,143.7042269
23,27,34.21059925
23,65,146.7399448
23,69,157.6863269
23,72,153.4208896
23,63,124.8110247
23,64,147.2728624
23,79,140.7433221
23,1,80.87978772
23,37,84.89379288
23,70,146.2501813
23,36,137.4099175
23,15,53.46786829
23,25,22.07454522
23,43,119.6055294
23,62,100.5831007
23,35,152.4727609
23,30,123.3728467
23,66,132.80238
23,13,131.4442028
23,29,125.1128959
23,39,104.1461951
23,71,150.0459305
23,44,153.5149586
23,75,156.6371695
23,3,175.1405635
23,16,154.0739398
23,17,182.9584288
23,6,171.5424775
23,49,162.9609011
23,12,175.1405635
23,10,173.3331656
23,4,180.5044212
23,32,152.1613126
23,46,190.3671652
23,54,154.3016587
23,2,271.1028319
23,26,270.8375132
23,47,142.5315373
23,50,190.3588577
23,73,144.0171744
23,28,156.0308171
48,51,125.3396063
48,67,135.4498719
48,57,3.014923271
48,7,6.884606054
48,24,42.49318433
48,77,108.4136668
48,42,54.50723973
48,20,33.24034033
48,38,34.33209087
48,33,119.3421698
48,5,48.01563561
48,52,104.5027989
48,59,89.41787247
48,78,1.507461711
48,23,6.136195532
48,48,0
48,34,61.25295927
48,55,9.886998343
48,40,
48,22,135.0689874
48,56,122.8172062
48,21,146.8148531
48,11,133.9206766
48,31,110.5044652
48,14,129.4735095
48,18,120.107749
48,61,125.0099535
48,60,134.8677375
48,53,123.1489747
48,68,155.5709347
48,58,114.5637393
48,8,212.0800852
48,9,177.7050549
48,41,113.1545665
48,76,230.6212358
48,74,10.74161165
48,45,58.14416426
48,19,137.6370995
48,27,28.39695169
48,65,140.6699142
48,69,151.5578535
48,72,147.2853598
48,63,118.8355048
48,64,141.1368477
48,79,135.286956
48,1,84.15003874
48,37,88.29976536
48,70,140.1141696
48,36,132.1009797
48,15,59.57445566
48,25,27.40174444
48,43,124.8928607
48,62,106.639839
48,35,157.9314131
48,30,129.1385903
48,66,138.7643692
48,13,136.9620321
48,29,130.9937261
48,39,109.6068696
48,71,155.8315547
48,44,158.9378218
48,75,162.3425392
48,3,180.8173985
48,16,159.8315505
48,17,188.5995976
48,6,177.3345281
48,49,168.5267215
48,12,180.8173985
48,10,179.2074292
48,4,186.3883572
48,32,157.9091785
48,46,196.4349578
48,54,160.4035455
48,2,277.0559182
48,26,276.7509559
48,47,148.1023981
48,50,195.9150878
48,73,149.9099213
48,28,161.5634834
34,51,184.1197427
34,67,192.0731732
34,57,61.90398329
34,7,61.05968046
34,24,64.02320194
34,77,168.9879426
34,42,61.40502631
34,20,53.19177436
34,38,52.20455532
34,33,180.1902725
34,5,60.32043451
34,52,165.3272558
34,59,150.0779331
34,78,60.98076127
34,23,56.12022806
34,48,61.25295927
34,34,0
34,55,60.88966155
34,40,
34,22,90.54233976
34,56,67.64322864
34,21,88.96990057
34,11,72.98944654
34,31,170.7556556
34,14,68.2210722
34,18,86.45378658
34,61,82.83732014
34,60,83.48529894
34,53,86.20691396
34,68,103.1296346
34,58,71.20765208
34,8,158.7075364
34,9,125.7287895
34,41,63.54690926
34,76,177.013254
34,74,57.12139518
34,45,11.26216428
34,19,195.5411674
34,27,89.28784029
34,65,198.4954641
34,69,204.9701405
34,72,202.3597861
34,63,178.065833
34,64,196.1246584
34,79,196.4467489
34,1,38.00017113
34,37,39.88264093
34,70,194.7518686
34,36,193.3491522
34,15,27.52688156
34,25,34.05677041
34,43,63.70249028
34,62,55.39441134
34,35,136.1057431
34,30,102.5074119
34,66,104.8249824
34,13,115.638029
34,29,100.6816181
34,39,48.92782844
34,71,126.2748341
34,44,137.7895083
34,75,134.4923321
34,3,152.6111821
34,16,130.7721132
34,17,160.8745823
34,6,146.2960665
34,49,143.6396558
34,12,152.6111821
34,10,145.6596918
34,4,152.205162
34,32,129.2435598
34,46,154.6555509
34,54,108.4968229
34,2,219.5129328
34,26,218.6403089
34,47,124.565756
34,50,169.8113852
34,73,117.5357733
34,28,137.8749629
55,51,130.0728839
55,67,141.1716893
55,57,12.89523904
55,7,3.014923984
55,24,51.73803921
55,77,111.7713408
55,42,63.03129339
55,20,41.59765805
55,38,42.52949358
55,33,122.2493424
55,5,56.71797544
55,52,107.5316061
55,59,89.34132993
55,78,8.384678303
55,23,7.752407426
55,48,9.886998343
55,34,60.88966155
55,55,0
55,40,
55,22,128.9029843
55,56,118.9228733
55,21,148.5202814
55,11,133.8703785
55,31,109.8791451
55,14,128.6588665
55,18,112.7053547
55,61,118.6331757
55,60,129.9357242
55,53,116.0945716
55,68,150.6545718
55,58,108.5474927
55,8,207.0459197
55,9,172.5198847
55,41,108.2127287
55,76,225.5762288
55,74,3.784090398
55,45,56.03172028
55,19,142.7752047
55,27,32.80126655
55,65,145.8302647
55,69,158.2570383
55,72,153.5048493
55,63,123.3232137
55,64,147.4185735
55,79,137.4409777
55,1,87.65521995
55,37,91.55979759
55,70,146.5141561
55,36,133.7689753
55,15,54.81579271
55,25,27.13430851
55,43,123.8030094
55,62,102.1500651
55,35,149.0271253
55,30,120.8771377
55,66,131.1434738
55,13,128.1702093
55,29,123.0718839
55,39,107.9910868
55,71,147.5940655
55,44,149.9788019
55,75,153.9000675
55,3,172.2988
55,16,151.5172999
55,17,180.0016399
55,6,169.0976744
55,49,159.7953996
55,12,172.2988
55,10,171.2151196
55,4,178.4233921
55,32,149.5719827
55,46,189.3497297
55,54,155.3276688
55,2,273.1065071
55,26,273.0318754
55,47,139.3948418
55,50,187.1521523
55,73,142.0060399
55,28,152.7779455
40,51,
40,67,
40,57,
40,7,
40,24,
40,77,
40,42,
40,20,
40,38,
40,33,
40,5,
40,52,
40,59,
40,78,
40,23,
40,48,
40,34,
40,55,
40,40,
40,22,
40,56,
40,21,
40,11,
40,31,
40,14,
40,18,
40,61,
40,60,
40,53,
40,68,
40,58,
40,8,
40,9,
40,41,
40,76,
40,74,
40,45,
40,19,
40,27,
40,65,
40,69,
40,72,
40,63,
40,64,
40,79,
40,1,
40,37,
40,70,
40,36,
40,15,
40,25,
40,43,
40,62,
40,35,
40,30,
40,66,
40,13,
40,29,
40,39,
40,71,
40,44,
40,75,
40,3,
40,16,
40,17,
40,6,
40,49,
40,12,
40,10,
40,4,
40,32,
40,46,
40,54,
40,2,
40,26,
40,47,
40,50,
40,73,
40,28,
22,51,258.57807
22,67,270.0745031
22,57,137.2027163
22,7,130.9102334
22,24,153.1327192
22,77,238.7254904
22,42,151.9078793
22,20,141.1346797
22,38,140.4509175
22,33,248.2124047
22,5,150.4251369
22,52,234.0020155
22,59,208.9434392
22,78,134.0148186
22,23,128.9362492
22,48,135.0689874
22,34,90.54233976
22,55,128.9029843
22,40,
22,22,0
22,56,35.59268794
22,21,115.7767825
22,11,87.21381167
22,31,225.8972405
22,14,76.05603576
22,18,26.45116994
22,61,10.75314863
22,60,19.96097833
22,53,19.59700887
22,68,30.30631789
22,58,20.57357048
22,8,80.97251581
22,9,46.91434573
22,41,27.96767005
22,76,99.0666343
22,74,125.7969259
22,45,84.71347746
22,19,271.5241964
22,27,161.6814146
22,65,274.5866134
22,69,286.6147774
22,72,282.2737482
22,63,251.6386466
22,64,276.1488382
22,79,261.3298864
22,1,115.0713866
22,37,113.4556627
22,70,275.1618546
22,36,256.4087523
22,15,76.33329575
22,25,111.6937794
22,43,71.5718683
22,62,36.36466684
22,35,66.73192482
22,30,40.97871947
22,66,27.68716893
22,13,55.42063824
22,29,33.41000421
22,39,64.66388839
22,71,48.10619066
22,44,68.93781501
22,75,56.6802091
22,3,71.10560244
22,16,52.1444961
22,17,78.89915486
22,6,62.42546051
22,49,67.88532811
22,12,71.10560244
22,10,59.32202583
22,4,64.82090831
22,32,51.57981263
22,46,64.12566444
22,54,32.32989444
22,2,151.5674956
22,26,153.0194524
22,47,56.48182367
22,50,88.62834876
22,73,37.68828829
22,28,65.21190509
56,51,248.1407658
56,67,257.5851746
56,57,124.3381989
56,7,120.2461109
56,24,131.5780814
56,77,230.6809187
56,42,127.5687025
56,20,120.805242
56,38,119.8399287
56,33,241.1458074
56,5,127.3614682
56,52,226.4507412
56,59,205.6688536
56,78,122.077527
56,23,116.8471599
56,48,122.8172062
56,34,67.64322864
56,55,118.9228733
56,40,
56,22,35.59268794
56,56,0
56,21,80.75763984
56,11,52.17169769
56,31,224.5741489
56,14,40.91818172
56,18,52.09205061
56,61,35.80658394
56,60,18.7991561
56,53,46.55939482
56,68,35.88272903
56,58,30.33621574
56,8,91.08069245
56,9,58.33205339
56,41,17.07773209
56,76,109.4342237
56,74,115.3403407
56,45,65.78908457
56,19,260.2770394
56,27,151.0156621
56,65,263.2915122
56,69,271.7471491
56,72,268.5939448
56,63,241.6508962
56,64,262.3729268
56,79,255.963588
56,1,83.92569157
56,37,81.59361887
56,70,261.1216589
56,36,251.8775909
56,15,64.27618882
56,25,96.36640017
56,43,36.12820694
56,62,18.10113774
56,35,100.8789817
56,30,70.90865978
56,66,61.740451
56,13,86.48077511
56,29,64.52665803
56,39,30.06695633
56,71,83.33903416
56,44,103.0442559
56,75,92.01801478
56,3,106.6856259
56,16,87.50877415
56,17,114.4327317
56,6,97.89027696
56,49,103.1369367
56,12,106.6856259
56,10,94.35755541
56,4,99.38196682
56,32,86.81278326
56,46,93.61555168
56,54,41.39423605
56,2,154.2629304
56,26,154.1094163
56,47,89.91720315
56,50,124.1747815
56,73,72.91924618
56,28,99.95309824
21,51,259.8685168
21,67,263.8027743
21,57,146.6522475
21,7,148.1590716
21,24,130.0960094
21,77,249.1028843
21,42,118.4140155
21,20,125.7051763
21,38,124.2295482
21,33,260.9251802
21,5,122.3780787
21,52,246.2825755
21,59,236.0670805
21,78,146.9192908
21,23,142.6524345
21,48,146.8148531
21,34,88.96990057
21,55,148.5202814
21,40,
21,22,115.7767825
21,56,80.75763984
21,21,0
21,11,28.59770362
21,31,257.2864941
21,14,39.83985262
21,18,131.7038935
21,61,116.4710727
21,60,96.53069651
21,53,126.8064962
21,68,102.3859503
21,58,109.3449798
21,8,136.7151185
21,9,117.3653304
21,41,94.80618708
21,76,150.6670919
21,74,144.8573328
21,45,97.39206302
21,19,269.2875021
21,27,172.8142283
21,65,271.9946241
21,69,271.1549047
21,72,271.1812933
21,63,254.8820932
21,64,265.1186644
21,79,278.4057856
21,1,65.37296796
21,37,60.74455816
21,70,263.2910887
21,36,276.3283207
21,15,109.15603
21,25,121.4284825
21,43,44.8741877
21,62,89.79966069
21,35,181.6312823
21,30,150.9033444
21,66,142.49028
21,13,166.542329
21,29,144.9588921
21,39,57.67098612
21,71,163.858655
21,44,183.7928352
21,75,172.4568282
21,3,186.1495062
21,16,167.9211359
21,17,193.5495142
21,6,176.8751518
21,49,183.6525104
21,12,186.1495062
21,10,172.3695686
21,4,176.4154962
21,32,167.3346252
21,46,164.0633888
21,54,106.9831303
21,2,172.3953231
21,26,168.9748576
21,47,170.6019914
21,50,203.2975298
21,73,153.4308343
21,28,180.6762421
11,51,253.4925887
11,67,259.4064627
11,57,134.3092214
11,7,134.0375075
11,24,125.4402773
11,77,240.2824696
11,42,116.1043793
11,20,118.47518
11,38,117.1078168
11,33,251.7774955
11,5,118.6651912
11,52,236.944414
11,59,223.0426188
11,78,133.7514681
11,23,129.0038956
11,48,133.9206766
11,34,72.98944654
11,55,133.8703785
11,40,
11,22,87.21381167
11,56,52.17169769
11,21,28.59770362
11,11,0
11,31,243.7440998
11,14,11.2621637
11,18,103.4067266
11,61,87.92009626
11,60,68.1078446
11,53,98.3614976
11,68,75.46200677
11,58,81.07906938
11,8,115.775457
11,9,92.42005013
11,41,66.57501082
11,76,131.4252568
11,74,130.0975571
11,45,79.08527852
11,19,263.9664312
11,27,161.4734966
11,65,266.8099032
11,69,269.2612737
11,72,268.1518889
11,63,247.924526
11,64,261.9685326
11,79,268.5286007
11,1,61.99798004
11,37,57.65507052
11,70,260.3263563
11,36,265.7480059
11,15,88.04841622
11,25,106.9961613
11,43,16.61230305
11,62,62.09510575
11,35,153.050545
11,30,122.5468724
11,66,113.8960308
11,13,138.182522
11,29,116.4834089
11,39,31.60267026
11,71,135.2783237
11,44,155.2150125
11,75,143.889084
11,3,157.7639295
11,16,139.3562592
11,17,165.2414778
11,6,148.5751522
11,49,155.0754858
11,12,157.7639295
11,10,144.2581478
11,4,148.5185124
11,32,138.7545353
11,46,137.5512108
11,54,80.38131983
11,2,161.0244869
11,26,158.6142607
11,47,142.0541425
11,50,174.997245
11,73,124.8497188
11,28,152.0785678
31,51,68.14180632
31,67,87.05977674
31,57,110.6418101
31,7,109.7467753
31,24,136.3763846
31,77,44.81876367
31,42,150.9664646
31,20,135.3014599
31,38,136.7956206
31,33,42.84236668
31,5,144.6858123
31,52,40.47170846
31,59,21.55467083
31,78,110.4665902
31,23,114.9579023
31,48,110.5044652
31,34,170.7556556
31,55,109.8791451
31,40,
31,22,225.8972405
31,56,224.5741489
31,21,257.2864941
31,11,243.7440998
31,31,0
31,14,238.4215842
31,18,203.4275016
31,61,215.1454272
31,60,232.1744528
31,53,208.8669404
31,68,252.2985908
31,58,207.443359
31,8,306.8351548
31,9,272.4546499
31,41,211.239113
31,76,324.9596145
31,74,113.6560495
31,45,165.5032616
31,19,80.43757645
31,27,85.34836954
31,65,82.65014433
31,69,112.0024731
31,72,101.8164642
31,63,61.96152589
31,64,98.64765672
31,79,43.367741
31,1,193.6999561
31,37,198.0479823
31,70,99.74081867
31,36,36.17232143
31,15,161.1244387
31,25,136.8088312
31,43,233.4501759
31,62,206.7592858
31,35,219.981826
31,30,203.3687374
31,66,218.5147349
31,13,203.3687465
31,29,208.6048619
31,39,217.3549125
31,71,227.5750365
31,44,219.9260795
31,75,230.8773228
31,3,246.6731883
31,16,230.2631862
31,17,252.6468425
31,6,247.2764989
31,49,232.28329
31,12,246.6731883
31,10,251.9682488
31,4,258.9770688
31,32,228.228332
31,46,277.3756266
31,54,256.2098807
31,2,376.3456222
31,26,377.0613355
31,47,214.3897274
31,50,256.7371183
31,73,225.924969
31,28,225.1693234
14,51,251.0478067
14,67,257.7349914
14,57,130.0962628
14,7,129.0554444
14,24,124.5694819
14,77,236.8964851
14,42,116.3261914
14,20,116.640942
14,38,115.3400562
14,33,248.2204961
14,5,118.2792639
14,52,233.360138
14,59,217.9998991
14,78,129.1873947
14,23,124.2801044
14,48,129.4735095
14,34,68.2210722
14,55,128.6588665
14,40,
14,22,76.05603576
14,56,40.91818172
14,21,39.83985262
14,11,11.2621637
14,31,238.4215842
14,14,0
14,18,92.19975233
14,61,76.65806782
14,60,57.11990553
14,53,87.11340679
14,68,65.63870587
14,58,69.89149054
14,8,109.1349674
14,9,83.75136917
14,41,55.41210459
14,76,125.510325
14,74,124.8747761
14,45,72.98947861
14,19,261.9108617
14,27,157.4494745
14,65,264.8001118
14,69,268.5539212
14,72,266.9971917
14,63,245.2646131
14,64,260.7853585
14,79,264.6271531
14,1,63.44573513
14,37,59.48146903
14,70,259.2222596
14,36,261.5696801
14,15,80.38134356
14,25,102.2068758
14,43,5.903117583
14,62,51.20038097
14,35,141.7949449
14,30,111.3185761
14,66,102.6514186
14,13,126.9515812
14,29,105.2279563
14,39,22.47391243
14,71,124.0887193
14,44,143.9582442
14,75,132.7155065
14,3,146.7501719
14,16,128.1866216
14,17,154.2826865
14,6,137.6281454
14,49,143.8890919
14,12,146.7501719
14,10,133.4458424
14,4,137.8452494
14,32,127.5650077
14,46,127.7352292
14,54,70.74675204
14,2,158.5215353
14,26,156.5701944
14,47,130.7921751
14,50,164.0410267
14,73,113.6598584
14,28,140.845202
18,51,240.3372814
18,67,252.9563711
18,57,122.5724867
18,7,115.0703951
18,24,144.4799251
18,77,219.331152
18,42,145.7533892
18,20,131.8724238
18,38,131.4439597
18,33,228.2278756
18,5,143.1617126
18,52,214.3892011
18,59,187.4666965
18,78,118.8848901
18,23,114.1059199
18,48,120.107749
18,34,86.45378658
18,55,112.7053547
18,40,
18,22,26.45116994
18,56,52.09205061
18,21,131.7038935
18,11,103.4067266
18,31,203.4275016
18,14,92.19975233
18,18,0
18,61,18.08918028
18,60,43.09678665
18,53,6.884609052
18,68,56.75431486
18,58,22.36121671
18,8,105.0512642
18,9,72.09418255
18,41,36.90305834
18,76,122.5635781
18,74,110.028983
18,45,77.98900721
18,19,253.651565
18,27,144.9177107
18,65,256.7194074
18,69,270.880785
18,72,265.803834
18,63,233.1995095
18,64,259.7862735
18,79,240.412335
18,1,117.6487908
18,37,117.0579112
18,70,258.9761475
18,36,235.1318157
18,15,65.51577131
18,25,99.9845332
18,43,86.8729486
18,62,42.77530906
18,35,52.12374966
18,30,19.26657632
18,66,19.03601981
18,13,34.87614386
18,29,14.67475756
18,39,75.63283593
18,71,39.82583869
18,44,54.10959223
18,75,48.14248425
18,3,66.15740228
18,16,44.33011919
18,17,74.42087025
18,6,60.12592645
18,49,57.81906369
18,12,66.15740228
18,10,60.36941442
18,4,67.31930105
18,32,42.8423327
18,46,76.83040091
18,54,58.62846891
18,2,176.5128825
18,26,178.3054957
18,47,40.47170071
18,50,83.41091356
18,73,31.35298033
18,28,52.74888139
61,51,248.1270284
61,67,259.7870227
61,57,127.2058362
61,7,120.6988917
61,24,144.4841976
61,77,228.1342411
61,42,143.930118
61,20,132.2978367
61,38,131.6755768
61,33,237.5679859
61,5,142.135578
61,52,223.3879755
61,59,198.2022284
61,78,123.9249272
61,23,118.886176
61,48,125.0099535
61,34,82.83732014
61,55,118.6331757
61,40,
61,22,10.75314863
61,56,35.80658394
61,21,116.4710727
61,11,87.92009626
61,31,215.1454272
61,14,76.65806782
61,18,18.08918028
61,61,0
61,60,25.01234433
61,53,11.49199434
61,68,39.82577509
61,58,11.62990201
61,8,91.71405807
61,9,57.56786548
61,41,23.40953389
61,76,109.819695
61,74,115.5862924
61,45,76.21498022
61,19,261.1269708
61,27,151.3757863
61,65,264.1911416
61,69,276.5637591
61,72,272.0944459
61,63,241.1599486
61,64,265.9849016
61,79,250.6197191
61,1,109.7777535
61,37,108.5371351
61,70,265.0273016
61,36,245.6795755
61,15,66.78834712
61,25,102.1878052
61,43,71.66476668
61,62,31.16430173
61,35,65.21304399
61,30,35.57213513
61,66,26.42405503
61,13,50.9546542
61,29,28.81281147
61,39,62.42781866
61,71,48.70083843
61,44,67.35944897
61,75,57.46626617
61,3,73.63119994
61,16,53.07817123
61,17,81.72721985
61,6,65.79298561
61,49,68.31097217
61,12,73.63119994
61,10,63.86477669
61,4,70.0030475
61,32,52.12373853
61,46,72.65737002
61,54,42.45838726
61,2,162.171542
61,26,163.5364587
61,47,54.13418304
61,50,91.29100155
61,73,38.48961318
61,28,64.58710479
60,51,259.9476351
60,67,270.2799792
60,57,136.6666248
60,7,131.5762441
60,24,147.4400131
60,77,241.3997025
60,42,144.3870681
60,20,136.1540758
60,38,135.2898074
60,33,251.4554711
60,5,143.7434554
60,52,236.9381188
60,59,214.1294094
60,78,133.9846783
60,23,128.7741618
60,48,134.8677375
60,34,83.48529894
60,55,129.9357242
60,40,
60,22,19.96097833
60,56,18.7991561
60,21,96.53069651
60,11,68.1078446
60,31,232.1744528
60,14,57.11990553
60,18,43.09678665
60,61,25.01234433
60,60,0
60,53,36.45962189
60,68,20.72204813
60,58,26.29763182
60,8,77.21234882
60,9,42.96759716
60,41,21.73213866
60,76,95.75351239
60,74,126.5312066
60,45,79.96240873
60,19,272.4549889
60,27,162.5716812
60,65,275.4956665
60,69,285.4381637
60,72,281.7998375
60,63,253.2491278
60,64,275.6070771
60,79,265.5390921
60,1,102.4771923
60,37,100.2616407
60,70,274.4611248
60,36,261.059999
60,15,75.31942126
60,25,109.4791443
60,43,53.07811643
60,62,28.65695621
60,35,86.68009902
60,30,59.96604046
60,66,47.63291127
60,13,74.90307717
60,29,52.69095353
60,39,48.83762027
60,71,67.76619183
60,44,88.88769347
60,75,76.21121471
60,3,89.65610901
60,16,71.66477479
60,17,97.16281752
60,6,80.50934447
60,49,87.46230157
60,12,89.65610901
60,10,76.46800822
60,4,81.17142792
60,32,71.22559199
60,46,74.85500791
60,54,25.59142848
60,2,144.28871
60,26,144.8874255
60,47,76.42342905
60,50,106.9211268
60,73,57.40024484
60,28,85.05898811
